"","Latitude","Longitude","Visibility","Mean Landings","Mean Personal","Mean Pengumpul","Mean Papalele","Mean Market","Mean On-Island","Total Landings","Total Personal","Total Pengumpul","Total Papalele","Total Market","Total On-Island","Proportion Personal","Proportion Pengumpul","Proportion Papalele","Proportion Market","Proportion On-Island","Rugosity","Dead Coral With Algae","Macroalgae","Rubble","Rock","Soft Coral","Sand","All Hard Coral","All Abiotic Substrate","NPP (Mean)","NPP (Min)","NPP (Max)","NPP (SD)","NPP (Interannual SD)","Reef Area within 5km","Wave Energy (Mean)","Wave Energy (SD)","Wave Energy (Interannual SD)","SST SD","SST 50th Percentile","SST 98th Percentile","SST 2nd Percentile","SST Kurtosis","SST Skewness","Population","Fishers","Rowboats","Motorboats"
"Latitude",1,-0.705205047360763,0.495884803552371,-0.492863832297705,-0.275283880160619,-0.421452317841737,-0.44454149270469,-0.47334352973919,-0.478904662220775,-0.285844964695196,0.190716123651276,-0.385047716416757,-0.335956368470473,-0.351618757171506,-0.245919404438456,0.369685899705958,-0.377923817340224,-0.352113525295227,-0.448199331919458,0.0262503566006971,0.0752789290934948,-0.082229896288303,0.0244324475320011,0.54307367841963,-0.164005514441885,-0.694992137040548,0.506872915258666,0.199979736694829,0.568092774205502,-0.304726795905012,-0.386553943333102,-0.158777245635478,-0.0688107732722168,-0.189931027521472,-0.637222939420513,-0.766365595223376,-0.759817006991406,-0.79653958404164,-0.636344069908675,0.210058042993147,-0.0857110411015983,0.833931541138567,-0.863985420681072,0.228856794978445,0.677378495702346,0.682114862204154,0.608811389703755,0.51634393788312
"Longitude",-0.705205047360763,1,-0.594182227785706,0.203040373845835,-0.349648990457206,-0.000270584360025072,0.33930353387914,0.253170568406372,0.273617378726398,-0.212434918620924,-0.733598474330075,-0.0491188960026888,-0.145303730605102,-0.115909961163656,-0.271948773980767,-0.369481240857906,-0.182592369036888,0.3484201767457,0.244524383654488,-0.0304249338076284,0.159524240580399,0.332216796163174,0.038339561228836,-0.250615746994966,-0.224600300195212,0.187248546286098,-0.40952533879973,0.113626877857445,-0.412273111284811,0.0643215129046698,0.0129835948936492,-0.0295163934846315,0.0116972575809176,0.190116631589182,0.319285845509867,0.293944926112139,0.311449083693029,0.326150167286933,0.295386700737854,-0.509730702522261,-0.328622733291186,-0.831687742914704,0.351189762274708,-0.462654602050444,-0.170450088798612,-0.118246902103483,-0.0219359955611857,0.122721939258267
"Visibility",0.495884803552371,-0.594182227785706,1,-0.321264989079914,-0.000400045426270703,-0.125207146092662,-0.387165436088816,-0.331032989330865,-0.377791074292909,0.0259093261208173,0.498137183748031,-0.100312241793303,-0.0329446343022571,-0.0537488269542098,0.073163829501878,0.0937228590202504,0.00414705378600159,-0.281968012485099,-0.249233645254242,-0.224089837654039,-0.205543022643654,-0.284229117182741,-0.178319794751751,0.335830758284571,0.131195558670253,0.0291691525870088,-0.0311998990100071,-0.204995855783626,0.279059479986151,-0.271386224279889,-0.346287554606953,-0.112922268286509,-0.0356642921935709,-0.226504273840046,-0.390309793246057,-0.193272734458032,-0.170764880480143,-0.213184991275765,-0.067837155172158,0.270916533819765,0.412777474935499,0.538788188779696,-0.202730551461374,0.256073919253685,0.348865213466015,0.341020827748655,0.124234654154038,-0.014541571358259
"Mean Landings",-0.492863832297705,0.203040373845835,-0.321264989079914,1,0.300614693381679,0.851678372873191,0.946909711153171,0.992796196951297,0.973183274636055,0.806853609498604,0.363190756595112,0.850811135545967,0.837222145910646,0.842755760473891,0.782972968106975,-0.61889426793611,0.78994412248625,0.588367918176504,0.805570590298499,-0.045273042025104,-0.271459020398508,-0.069554335444206,-0.318566727337382,-0.303328268318055,0.325319949454322,0.241456893544855,-0.320616201154806,-0.00833190073367789,-0.268786903715925,0.504150834571597,0.560430729757359,0.372369397037507,0.194264881039621,0.407010765303875,0.472643243500716,0.459442827842039,0.470086050493588,0.481362950971879,-0.0791650943407001,0.294444632657315,-0.0399539790317177,-0.106427404424743,0.456594183463817,0.071699791884696,-0.54169851235151,-0.547674066821328,-0.464884053946127,-0.409507740878034
"Mean Personal",-0.275283880160619,-0.349648990457206,-0.000400045426270703,0.300614693381679,1,0.401314164902781,0.066193246039298,0.184175779852791,0.228781385450184,0.493276562173556,0.611747493523152,0.413908041191248,0.465689571507946,0.450489072329122,0.518650099040029,0.325897996147276,0.548475907935103,-0.121985142910146,0.0876214163881248,0.248763036587477,-0.122996733688216,-0.24716813265967,0.185217251530037,-0.300309208110932,0.350914360578407,0.349514431744434,0.00526125141501412,-0.188605107148987,-0.131752931333924,0.193126011397452,0.357211449765288,0.123102470811435,-0.0455636664892613,0.0440814633866177,0.209345341096358,0.340039799713739,0.310011708414336,0.342140386969081,0.316394012251996,0.255857852215306,0.102377231039526,-0.0321561461326011,0.435062566102858,0.0179916337481295,-0.44845901704292,-0.624262183793834,-0.826926866843343,-0.865346218945561
"Mean Pengumpul",-0.421452317841737,-0.000270584360025072,-0.125207146092662,0.851678372873191,0.401314164902781,1,0.658445840242151,0.827291198016456,0.708287929869268,0.971553353829701,0.58492576784152,0.998181921264015,0.984451458966956,0.990265670697817,0.952693991812065,-0.396916131906803,0.959870271413504,0.150694718049461,0.477157167598159,-0.300425171456824,-0.323582830948941,-0.24851853422408,-0.186904921108916,-0.246214307592464,0.483977409204177,0.439545710984579,-0.307481226616805,-0.265020339632779,-0.177210422236747,0.556204202818034,0.639928092493631,0.432362840131016,0.228392942687665,0.303564966270074,0.571436679180561,0.563933006939596,0.542138078816563,0.564702144423191,-0.0163476524652016,0.521113539398732,0.127786959983588,-0.00943497129515572,0.547611228732503,0.136502849893974,-0.539537952744047,-0.565290384758004,-0.531067753198407,-0.574175199965926
"Mean Papalele",-0.44454149270469,0.33930353387914,-0.387165436088816,0.946909711153171,0.066193246039298,0.658445840242151,1,0.967532848505689,0.986486598435925,0.593877690120581,0.135327936252581,0.655946805150602,0.634647042923369,0.642229677844718,0.565120589585466,-0.730770612650128,0.566497015555472,0.765080305580672,0.882812273664585,0.0307872857068899,-0.208515133216634,0.0573775600233515,-0.3869222568687,-0.25748223454158,0.172357481940301,0.0767951264177673,-0.305216258610911,0.139473935899183,-0.269205928863092,0.413327172765806,0.425747285980726,0.298881504658871,0.173130921239209,0.417956814472911,0.360242270122029,0.323396028921436,0.352950491876323,0.352961130021639,-0.15519772408265,0.12901932797167,-0.129886498379558,-0.137285300952122,0.310813347643428,0.0345529149536326,-0.429692733108805,-0.396768191032933,-0.263748983607617,-0.161431492562187
"Mean Market",-0.47334352973919,0.253170568406372,-0.331032989330865,0.992796196951297,0.184175779852791,0.827291198016456,0.967532848505689,1,0.974184055473697,0.769543659623041,0.297438882194338,0.824815337641021,0.804305941415848,0.811918249094249,0.741745618471215,-0.678749728991821,0.745182920777399,0.621673685500796,0.819182292023065,-0.0779077652861009,-0.264303548196992,-0.0406292407217305,-0.351570637141409,-0.27487169029617,0.291178137983538,0.204927990667473,-0.331075580122862,0.0151071846831904,-0.260449761606028,0.495296647073814,0.532683116659357,0.368284587720276,0.20592584107715,0.413911737861907,0.460788574286375,0.430766106185101,0.445506910054704,0.45309224693116,-0.12133181451072,0.271300808919304,-0.0540362714913447,-0.105640307551823,0.415893066879617,0.0716308081579692,-0.501915346073958,-0.485988059740482,-0.375207913506981,-0.313312759387746
"Mean On-Island",-0.478904662220775,0.273617378726398,-0.377791074292909,0.973183274636055,0.228781385450184,0.708287929869268,0.986486598435925,0.974184055473697,1,0.660394529039154,0.232478526380149,0.707917768291096,0.695639982628197,0.700541780372043,0.636504985573383,-0.659439485733885,0.642745311162353,0.726395541126338,0.875674748911013,0.070884027198481,-0.223627340254302,0.0153930282856218,-0.347075075479828,-0.300515582292018,0.225775853537759,0.132313673149533,-0.296910423476287,0.105103863080435,-0.284276130315926,0.434960930422393,0.47402138321297,0.311807718505025,0.161427912076619,0.415004263092735,0.385833616793281,0.371346081829101,0.395249258462373,0.400535233530023,-0.0994610606019592,0.167885913107359,-0.109908988826382,-0.139218052596719,0.374673134664609,0.0366646934418943,-0.492853672239213,-0.489599160031665,-0.393101255002215,-0.299587055312657
"Total Landings",-0.285844964695196,-0.212434918620924,0.0259093261208173,0.806853609498604,0.493276562173556,0.971553353829701,0.593877690120581,0.769543659623041,0.660394529039154,1,0.75394861208017,0.982390643794775,0.996888823582928,0.994027826038782,0.997526099502225,-0.349656223018755,0.988153996116934,0.121624655927629,0.461420822789024,-0.277978241899233,-0.386764711451204,-0.268142682365042,-0.236577450510671,-0.215989458404243,0.554188436391378,0.403305380406208,-0.233975488272966,-0.294759068980031,-0.106364878470393,0.498392014595231,0.597175770148884,0.396557635240581,0.184358051376432,0.223883759168866,0.508634960964899,0.500519542694386,0.478735663955963,0.496152476179157,-0.0397141748353479,0.588638998784632,0.234593420798179,0.151187534644405,0.492196178509229,0.245595479590864,-0.518968019936404,-0.558678405817644,-0.554212400470998,-0.615459853089632
"Total Personal",0.190716123651276,-0.733598474330075,0.498137183748031,0.363190756595112,0.611747493523152,0.58492576784152,0.135327936252581,0.297438882194338,0.232478526380149,0.75394861208017,1,0.621142841717114,0.701326669876702,0.677756792224634,0.797055715667365,0.01837206930598,0.740468123610736,-0.103048660445637,0.173098499432579,-0.101135414511921,-0.386141564763213,-0.312519004527247,-0.21938729491773,0.00713016528870084,0.576197469869011,0.186172241762487,0.0223784731603358,-0.315543960838332,0.170083839467359,0.176724847732299,0.278133043390157,0.191682761672109,0.0349880397699363,-0.0786669776846624,0.150833042771944,0.160083484938825,0.142889676365399,0.144698541296756,-0.0455206188390495,0.605447737389369,0.437532617532036,0.516155201712176,0.184185109034178,0.346266083016738,-0.203882192718491,-0.291249340235769,-0.443829838280576,-0.563797650926029
"Total Pengumpul",-0.385047716416757,-0.0491188960026888,-0.100312241793303,0.850811135545967,0.413908041191248,0.998181921264015,0.655946805150602,0.824815337641021,0.707917768291096,0.982390643794775,0.621142841717114,1,0.992458620245508,0.996379307420374,0.966826104703985,-0.399524587093857,0.969407595410069,0.14896873227575,0.479032182825197,-0.30565211160517,-0.342685733005279,-0.247013366577251,-0.203802716007287,-0.241245823109141,0.495438704856746,0.422710755801946,-0.287126495741819,-0.264503835126601,-0.162342122810096,0.545061747600679,0.631992348287343,0.423465630361262,0.217194475819938,0.287850983313832,0.55668288915052,0.544495589949927,0.522665395155542,0.543489225204144,-0.0368252745706555,0.541390511137027,0.150026729986993,0.0376772854446114,0.528316032620264,0.177781095884387,-0.538945652503456,-0.564569939885881,-0.527962415869196,-0.573745093598286
"Total Papalele",-0.335956368470473,-0.145303730605102,-0.0329446343022571,0.837222145910646,0.465689571507946,0.984451458966956,0.634647042923369,0.804305941415848,0.695639982628197,0.996888823582928,0.701326669876702,0.992458620245508,1,0.999286905067014,0.98948463951154,-0.391225638420911,0.986766848812433,0.15479404456035,0.490417981975933,-0.288622374064116,-0.379469836931174,-0.248165173045794,-0.238722472450174,-0.243121390722088,0.53629196788138,0.418515747684825,-0.255422259060204,-0.282625273584261,-0.140284401042659,0.519887307830315,0.61640540551219,0.405971493647736,0.192670069022601,0.252296255607351,0.537457011670856,0.527557733174011,0.506216949785303,0.524642054512852,-0.0368319915155542,0.56447337852042,0.207156641301431,0.103625381149219,0.515538975197822,0.234443910372007,-0.549303891562612,-0.58108185638709,-0.553589032237546,-0.603361949601683
"Total Market",-0.351618757171506,-0.115909961163656,-0.0537488269542098,0.842755760473891,0.450489072329122,0.990265670697817,0.642229677844718,0.811918249094249,0.700541780372043,0.994027826038782,0.677756792224634,0.996379307420374,0.999286905067014,1,0.984098098716245,-0.394411773767933,0.983008263470489,0.1532488789575,0.487700336571853,-0.294332665357985,-0.368750173169169,-0.248209896383582,-0.228350496752664,-0.242935055043558,0.524571349038009,0.420481685010598,-0.265599269417135,-0.277498339492212,-0.147304651431295,0.528478706772312,0.622198961515789,0.412013749620428,0.20053446310908,0.263654295240081,0.544244367612292,0.533624376568828,0.512098484613002,0.531292127527339,-0.0368892170904023,0.558271919755145,0.189892483820988,0.0834782983427024,0.520304624404484,0.21736756097575,-0.54699756260105,-0.57693117647502,-0.54658650344947,-0.595210440256523
"Total On-Island",-0.245919404438456,-0.271948773980767,0.073163829501878,0.782972968106975,0.518650099040029,0.952693991812065,0.565120589585466,0.741745618471215,0.636504985573383,0.997526099502225,0.797055715667365,0.966826104703985,0.98948463951154,0.984098098716245,1,-0.32771184997498,0.986215693948842,0.110229874347347,0.45059600948625,-0.265036663250487,-0.399829913944019,-0.273652565840231,-0.246756089730676,-0.204521511248003,0.571249994730791,0.392334389374768,-0.21184865429183,-0.303460344008361,-0.0843358582704193,0.476297714167907,0.578642295897588,0.382825219435696,0.170325967825311,0.197779203449501,0.485928917178588,0.479419369549199,0.45785113584867,0.473827592479324,-0.0404397370972906,0.601059791875162,0.264276589149969,0.19251951659429,0.474127597540794,0.268875561105483,-0.506729266601789,-0.551378141487899,-0.559045866454982,-0.625554555456665
"Proportion Personal",0.369685899705958,-0.369481240857906,0.0937228590202504,-0.61889426793611,0.325897996147276,-0.396916131906803,-0.730770612650128,-0.678749728991821,-0.659439485733885,-0.349656223018755,0.01837206930598,-0.399524587093857,-0.391225638420911,-0.394411773767933,-0.32771184997498,1,-0.353468394503274,-0.655409376518777,-0.709136483973402,0.426712510364619,0.296419283299735,-0.263404877190486,0.618775545812357,0.262764397761715,-0.10232047642775,-0.186063448160542,0.387901196565506,-0.0252266797710547,0.324605503372998,-0.25218964959789,-0.203479955889933,-0.183200208296947,-0.132286145894642,-0.256248746062777,-0.372708631370607,-0.324538169501483,-0.362389972804417,-0.334369889071624,0.0883471695727686,0.0201465946261845,-0.214557367795331,0.0969733593937337,-0.299183105727422,-0.338050310627579,0.427238339025744,0.288512347102899,0.0377206276911365,-0.0643221581802775
"Proportion Pengumpul",-0.377923817340224,-0.182592369036888,0.00414705378600159,0.78994412248625,0.548475907935103,0.959870271413504,0.566497015555472,0.745182920777399,0.642745311162353,0.988153996116934,0.740468123610736,0.969407595410069,0.986766848812433,0.983008263470489,0.986215693948842,-0.353468394503274,1,0.128300446114695,0.471591787874462,-0.274602971175038,-0.424348679237308,-0.244929308395806,-0.207576553396182,-0.274760230014388,0.566611498181856,0.496432394526053,-0.251003828327681,-0.351443162316431,-0.1544487987783,0.50352695046966,0.616145891724322,0.394041857054829,0.17119326678943,0.206794775395515,0.579913947677539,0.601953429760711,0.578396199596896,0.59727935257517,0.0607289762009398,0.570850224980655,0.304404694494885,0.0811306300465329,0.597314029386746,0.27512536004678,-0.612542605340494,-0.650477446302501,-0.636438870392682,-0.68982007454181
"Proportion Papalele",-0.352113525295227,0.3484201767457,-0.281968012485099,0.588367918176504,-0.121985142910146,0.150694718049461,0.765080305580672,0.621673685500796,0.726395541126338,0.121624655927629,-0.103048660445637,0.14896873227575,0.15479404456035,0.1532488789575,0.110229874347347,-0.655409376518777,0.128300446114695,1,0.935034503760758,0.403388692879037,-0.19841972881039,0.219500226575856,-0.40585925085604,-0.168670620782024,0.0806811989807732,-0.022592867973163,-0.165868090181705,0.138240991998756,-0.171705363807608,0.144544919515411,0.128185271890472,0.109504234131745,0.0546982784094788,0.23439931598463,0.210533724537175,0.219455126263356,0.274677166118732,0.261277328988332,-0.000113332598843969,-0.149932072738722,-0.0257898013998011,-0.214799445732007,0.188140779370383,-0.0557397986468017,-0.276305608805179,-0.212950597322113,-0.0788406933109847,0.0795296329761557
"Proportion Market",-0.448199331919458,0.244524383654488,-0.249233645254242,0.805570590298499,0.0876214163881248,0.477157167598159,0.882812273664585,0.819182292023065,0.875674748911013,0.461420822789024,0.173098499432579,0.479032182825197,0.490417981975933,0.487700336571853,0.45059600948625,-0.709136483973402,0.471591787874462,0.935034503760758,1,0.260505655742061,-0.328137510393701,0.10760702637412,-0.435087087789381,-0.248206044030271,0.274309042223394,0.157391459294834,-0.237220944745513,-0.00272581327327806,-0.207891720021974,0.308541019714152,0.334257143397586,0.238241873194945,0.109839380540333,0.282351312826516,0.394525222334865,0.410337193094644,0.451016753440756,0.445853022104172,0.021610532361739,0.0707710413587305,0.085896756165936,-0.161987155217765,0.380834913511294,0.0487985510446205,-0.464672439436146,-0.421901480638204,-0.297636612331118,-0.175903553199589
"Proportion On-Island",0.0262503566006971,-0.0304249338076284,-0.224089837654039,-0.045273042025104,0.248763036587477,-0.300425171456824,0.0307872857068899,-0.0779077652861009,0.070884027198481,-0.277978241899233,-0.101135414511921,-0.30565211160517,-0.288622374064116,-0.294332665357985,-0.265036663250487,0.426712510364619,-0.274602971175038,0.403388692879037,0.260505655742061,1,0.121523965704763,-0.0562839649856439,0.263670510634736,0.116372892600679,-0.0273531538188903,-0.252472807340387,0.271334357633111,0.134971266259221,0.187660686526208,-0.132450214156543,-0.0930270143907566,-0.0908269411083095,-0.0947698584044592,-0.029773562399674,-0.199444315418791,-0.13040212547517,-0.110135799267393,-0.0922342937099431,0.106898582416631,-0.155125134395165,-0.290821840531454,-0.139722155911982,-0.137180709148407,-0.476298925963743,0.186750892918425,0.0945448670251042,-0.0487069256142507,0.0173036181002906
"Rugosity",0.0752789290934948,0.159524240580399,-0.205543022643654,-0.271459020398508,-0.122996733688216,-0.323582830948941,-0.208515133216634,-0.264303548196992,-0.223627340254302,-0.386764711451204,-0.386141564763213,-0.342685733005279,-0.379469836931174,-0.368750173169169,-0.399829913944019,0.296419283299735,-0.424348679237308,-0.19841972881039,-0.328137510393701,0.121523965704763,1,0.0035777692176703,0.116123257540978,-0.217156779910977,-0.372282454417633,-0.318991289545721,-0.277662799970721,0.704090829572112,-0.375021906968774,0.199551510264973,0.189474266760009,0.213287598850871,0.338428781396834,0.361260534020099,-0.392955943221413,-0.498681649749928,-0.511501426943039,-0.469454256329148,-0.0719270542856271,-0.275628027744604,-0.418634724930865,-0.138053544451707,-0.374284623245946,-0.521029718044438,0.38449831568796,0.345564456315278,0.299332854807764,0.302656358259068
"Dead Coral With Algae",-0.082229896288303,0.332216796163174,-0.284229117182741,-0.069554335444206,-0.24716813265967,-0.24851853422408,0.0573775600233515,-0.0406292407217305,0.0153930282856218,-0.268142682365042,-0.312519004527247,-0.247013366577251,-0.248165173045794,-0.248209896383582,-0.273652565840231,-0.263404877190486,-0.244929308395806,0.219500226575856,0.10760702637412,-0.0562839649856439,0.0035777692176703,1,-0.184798971859336,-0.244738321085972,0.113629254657288,-0.239575756986414,-0.176971305538964,0.0980780607900103,-0.225088088839081,-0.146409024409605,-0.165626876247838,-0.194486514629286,-0.192504106816903,-0.0963517609942326,0.202369068968429,-0.163248567268587,-0.168898066499536,-0.16920032361185,-0.014191559529688,-0.382012967587398,-0.129942142004122,-0.20727367245372,-0.0333257998002257,-0.101766945823787,-0.107363706395462,-0.0791710530284075,0.00910036671582312,0.192858041149285
"Macroalgae",0.0244324475320011,0.038339561228836,-0.178319794751751,-0.318566727337382,0.185217251530037,-0.186904921108916,-0.3869222568687,-0.351570637141409,-0.347075075479828,-0.236577450510671,-0.21938729491773,-0.203802716007287,-0.238722472450174,-0.228350496752664,-0.246756089730676,0.618775545812357,-0.207576553396182,-0.40585925085604,-0.435087087789381,0.263670510634736,0.116123257540978,-0.184798971859336,1,-0.00917581461914216,-0.268540732197297,-0.082824698736033,0.173123747474068,0.0867084553010212,-0.0117364527489073,-0.0844824695196346,-0.0483708128188387,-0.109803749554978,-0.151975879625785,0.069166839489691,-0.123414088619719,-0.0238174186709051,-0.042158254476593,-0.022891463151056,-0.113016608112856,0.249730933877925,-0.367103431348345,-0.0250357032217952,-0.109052635083916,-0.220276187252098,0.196804260902888,0.138496507807539,0.00974175249014095,0.00723351047642081
"Rubble",0.54307367841963,-0.250615746994966,0.335830758284571,-0.303328268318055,-0.300309208110932,-0.246214307592464,-0.25748223454158,-0.27487169029617,-0.300515582292018,-0.215989458404243,0.00713016528870084,-0.241245823109141,-0.243121390722088,-0.242935055043558,-0.204521511248003,0.262764397761715,-0.274760230014388,-0.168670620782024,-0.248206044030271,0.116372892600679,-0.217156779910977,-0.244738321085972,-0.00917581461914216,1,-0.167340783000456,-0.431456663186212,0.541862517697096,-0.318707075612583,0.928957378718415,-0.347289382089742,-0.48873831007522,-0.140919339629516,-0.0498135647381917,-0.252352346144837,-0.290941439020794,-0.202729620523084,-0.161535291322785,-0.226785845800412,-0.303143259226105,0.0140073554898364,-0.0842490301436879,0.355380625608929,-0.436210793605371,0.0287984170576895,0.436041589351457,0.474711015487958,0.362486960387658,0.244254863475161
"Rock",-0.164005514441885,-0.224600300195212,0.131195558670253,0.325319949454322,0.350914360578407,0.483977409204177,0.172357481940301,0.291178137983538,0.225775853537759,0.554188436391378,0.576197469869011,0.495438704856746,0.53629196788138,0.524571349038009,0.571249994730791,-0.10232047642775,0.566611498181856,0.0806811989807732,0.274309042223394,-0.0273531538188903,-0.372282454417633,0.113629254657288,-0.268540732197297,-0.167340783000456,1,0.330036748089886,-0.292158893688661,-0.518595901109068,0.0284745565496112,0.113594099640525,0.194407791408849,0.0429079228606511,-0.0380082145816443,-0.194842671597159,0.515496320315444,0.356739952150975,0.321909276807957,0.344078222462415,0.201180005163614,0.27623470823573,0.280232670436258,-0.0230700885946358,0.352270373274882,0.107175459184672,-0.350334101413789,-0.388486805486158,-0.418086454056817,-0.43473492561318
"Soft Coral",-0.694992137040548,0.187248546286098,0.0291691525870088,0.241456893544855,0.349514431744434,0.439545710984579,0.0767951264177673,0.204927990667473,0.132313673149533,0.403305380406208,0.186172241762487,0.422710755801946,0.418515747684825,0.420481685010598,0.392334389374768,-0.186063448160542,0.496432394526053,-0.022592867973163,0.157391459294834,-0.252472807340387,-0.318991289545721,-0.239575756986414,-0.082824698736033,-0.431456663186212,0.330036748089886,1,-0.358220424932416,-0.566210932120442,-0.379855665763156,0.169651198175119,0.273250643634774,0.076648336019934,0.0238528086224651,-0.090130126581995,0.489401302334148,0.77264481503939,0.738028877472528,0.769948758688436,0.687254518944589,0.106514440837724,0.494517155560956,-0.461295226858809,0.873711510086627,0.119890133583997,-0.682678769199938,-0.677221735979314,-0.60049580052291,-0.625441026456718
"Sand",0.506872915258666,-0.40952533879973,-0.0311998990100071,-0.320616201154806,0.00526125141501412,-0.307481226616805,-0.305216258610911,-0.331075580122862,-0.296910423476287,-0.233975488272966,0.0223784731603358,-0.287126495741819,-0.255422259060204,-0.265599269417135,-0.21184865429183,0.387901196565506,-0.251003828327681,-0.165868090181705,-0.237220944745513,0.271334357633111,-0.277662799970721,-0.176971305538964,0.173123747474068,0.541862517697096,-0.292158893688661,-0.358220424932416,1,-0.193859865891033,0.725907895201334,-0.288702467048344,-0.283085659525715,-0.184305590215648,-0.262041701354174,-0.242457608582693,-0.240232453139576,-0.234449277872745,-0.225601986957148,-0.257278012185569,-0.271115617953872,-0.0447876457752978,-0.0807899584581877,0.35785363225885,-0.38991073059793,0.193668493855458,0.158872932193719,0.146606385547055,0.172235891666839,0.141645334803038
"All Hard Coral",0.199979736694829,0.113626877857445,-0.204995855783626,-0.00833190073367789,-0.188605107148987,-0.265020339632779,0.139473935899183,0.0151071846831904,0.105103863080435,-0.294759068980031,-0.315543960838332,-0.264503835126601,-0.282625273584261,-0.277498339492212,-0.303460344008361,-0.0252266797710547,-0.351443162316431,0.138240991998756,-0.00272581327327806,0.134971266259221,0.704090829572112,0.0980780607900103,0.0867084553010212,-0.318707075612583,-0.518595901109068,-0.566210932120442,-0.193859865891033,1,-0.459087051064291,0.22327284616283,0.183593006417968,0.183438763979754,0.242734408958831,0.46360561095815,-0.442363378645998,-0.608899539087443,-0.593360890640034,-0.574481302364641,-0.385412275085329,-0.121592535752448,-0.423400697493964,0.125587206648494,-0.508298447376472,-0.221691781205427,0.460245572390341,0.430816002413143,0.41023134053856,0.47588981968299
"All Abiotic Substrate",0.568092774205502,-0.412273111284811,0.279059479986151,-0.268786903715925,-0.131752931333924,-0.177210422236747,-0.269205928863092,-0.260449761606028,-0.284276130315926,-0.106364878470393,0.170083839467359,-0.162342122810096,-0.140284401042659,-0.147304651431295,-0.0843358582704193,0.324605503372998,-0.1544487987783,-0.171705363807608,-0.207891720021974,0.187660686526208,-0.375021906968774,-0.225088088839081,-0.0117364527489073,0.928957378718415,0.0284745565496112,-0.379855665763156,0.725907895201334,-0.459087051064291,1,-0.347032821416416,-0.430710353326609,-0.168016903145704,-0.150999271816366,-0.340021093474788,-0.176377491570227,-0.149865345133796,-0.124439976969575,-0.18056796494137,-0.282814618028779,0.0678320013527568,-0.0200492399384577,0.404806339885212,-0.389891228378274,0.12688712459745,0.29967222999034,0.313994741544478,0.230557479169934,0.123997740879634
"NPP (Mean)",-0.304726795905012,0.0643215129046698,-0.271386224279889,0.504150834571597,0.193126011397452,0.556204202818034,0.413327172765806,0.495296647073814,0.434960930422393,0.498392014595231,0.176724847732299,0.545061747600679,0.519887307830315,0.528478706772312,0.476297714167907,-0.25218964959789,0.50352695046966,0.144544919515411,0.308541019714152,-0.132450214156543,0.199551510264973,-0.146409024409605,-0.0844824695196346,-0.347289382089742,0.113594099640525,0.169651198175119,-0.288702467048344,0.22327284616283,-0.347032821416416,1,0.957027085017818,0.951339413876161,0.84666259779672,0.821883036919489,0.442194727775069,0.345655570215561,0.324930374918496,0.34825910104465,-0.111742417778919,0.407669308341909,0.0396885922867493,-0.0127152963967044,0.27498110041286,0.0915631732142521,-0.351000868580138,-0.358552490731002,-0.30134727383977,-0.299834401130749
"NPP (Min)",-0.386553943333102,0.0129835948936492,-0.346287554606953,0.560430729757359,0.357211449765288,0.639928092493631,0.425747285980726,0.532683116659357,0.47402138321297,0.597175770148884,0.278133043390157,0.631992348287343,0.61640540551219,0.622198961515789,0.578642295897588,-0.203479955889933,0.616145891724322,0.128185271890472,0.334257143397586,-0.0930270143907566,0.189474266760009,-0.165626876247838,-0.0483708128188387,-0.48873831007522,0.194407791408849,0.273250643634774,-0.283085659525715,0.183593006417968,-0.430710353326609,0.957027085017818,1,0.860565898902883,0.704120132420669,0.712361892951341,0.503554612587632,0.40348349129878,0.369124774996095,0.411657492645748,-0.0128722648333766,0.425433393396297,0.0872533911983552,-0.0546141839825502,0.385502296124224,0.0757832656310812,-0.457501095857525,-0.488263072389808,-0.411500812335197,-0.412204743806062
"NPP (Max)",-0.158777245635478,-0.0295163934846315,-0.112922268286509,0.372369397037507,0.123102470811435,0.432362840131016,0.298881504658871,0.368284587720276,0.311807718505025,0.396557635240581,0.191682761672109,0.423465630361262,0.405971493647736,0.412013749620428,0.382825219435696,-0.183200208296947,0.394041857054829,0.109504234131745,0.238241873194945,-0.0908269411083095,0.213287598850871,-0.194486514629286,-0.109803749554978,-0.140919339629516,0.0429079228606511,0.076648336019934,-0.184305590215648,0.183438763979754,-0.168016903145704,0.951339413876161,0.860565898902883,1,0.934849664027544,0.823663643831294,0.311540679641633,0.253717661493717,0.247038848490651,0.254011248319428,-0.133818920596467,0.401990537459286,0.106473295023748,0.0831231649709051,0.169537137617025,0.0876966268300649,-0.235510404816495,-0.230169165484108,-0.226461907753524,-0.241667577281484
"NPP (SD)",-0.0688107732722168,0.0116972575809176,-0.0356642921935709,0.194264881039621,-0.0455636664892613,0.228392942687665,0.173130921239209,0.20592584107715,0.161427912076619,0.184358051376432,0.0349880397699363,0.217194475819938,0.192670069022601,0.20053446310908,0.170325967825311,-0.132286145894642,0.17119326678943,0.0546982784094788,0.109839380540333,-0.0947698584044592,0.338428781396834,-0.192504106816903,-0.151975879625785,-0.0498135647381917,-0.0380082145816443,0.0238528086224651,-0.262041701354174,0.242734408958831,-0.150999271816366,0.84666259779672,0.704120132420669,0.934849664027544,1,0.749313340483816,0.171316788956395,0.108533910206975,0.102986187939756,0.105367785141131,-0.106444874632549,0.327168461611472,0.11556608410367,0.0748665762901074,0.058742183738544,0.0773863171005802,-0.0892100819035616,-0.0628628056101931,-0.0659488126340319,-0.0871933809569481
"NPP (Interannual SD)",-0.189931027521472,0.190116631589182,-0.226504273840046,0.407010765303875,0.0440814633866177,0.303564966270074,0.417956814472911,0.413911737861907,0.415004263092735,0.223883759168866,-0.0786669776846624,0.287850983313832,0.252296255607351,0.263654295240081,0.197779203449501,-0.256248746062777,0.206794775395515,0.23439931598463,0.282351312826516,-0.029773562399674,0.361260534020099,-0.0963517609942326,0.069166839489691,-0.252352346144837,-0.194842671597159,-0.090130126581995,-0.242457608582693,0.46360561095815,-0.340021093474788,0.821883036919489,0.712361892951341,0.823663643831294,0.749313340483816,1,0.0653293065989752,0.0889688831013689,0.104999904154325,0.103619067316881,-0.355117585467493,0.237308167732671,-0.328811979362622,0.0250931735005654,-0.0254354994960301,-0.0752118511119378,-0.151678643379258,-0.143902272628633,-0.129152131515032,-0.0699740448332221
"Reef Area within 5km",-0.637222939420513,0.319285845509867,-0.390309793246057,0.472643243500716,0.209345341096358,0.571436679180561,0.360242270122029,0.460788574286375,0.385833616793281,0.508634960964899,0.150833042771944,0.55668288915052,0.537457011670856,0.544244367612292,0.485928917178588,-0.372708631370607,0.579913947677539,0.210533724537175,0.394525222334865,-0.199444315418791,-0.392955943221413,0.202369068968429,-0.123414088619719,-0.290941439020794,0.515496320315444,0.489401302334148,-0.240232453139576,-0.442363378645998,-0.176377491570227,0.442194727775069,0.503554612587632,0.311540679641633,0.171316788956395,0.0653293065989752,1,0.745397286538758,0.713810225128045,0.736619134944084,0.300949226284944,0.195163400815628,0.274838722077162,-0.408646642613588,0.713499353748209,0.154055903049272,-0.678575840397054,-0.671197689686527,-0.561208694358285,-0.507056551641785
"Wave Energy (Mean)",-0.766365595223376,0.293944926112139,-0.193272734458032,0.459442827842039,0.340039799713739,0.563933006939596,0.323396028921436,0.430766106185101,0.371346081829101,0.500519542694386,0.160083484938825,0.544495589949927,0.527557733174011,0.533624376568828,0.479419369549199,-0.324538169501483,0.601953429760711,0.219455126263356,0.410337193094644,-0.13040212547517,-0.498681649749928,-0.163248567268587,-0.0238174186709051,-0.202729620523084,0.356739952150975,0.77264481503939,-0.234449277872745,-0.608899539087443,-0.149865345133796,0.345655570215561,0.40348349129878,0.253717661493717,0.108533910206975,0.0889688831013689,0.745397286538758,1,0.994879297033681,0.997008801902724,0.516838391701641,0.143570947455317,0.375347410351552,-0.46308364903491,0.87379703146808,0.175896897650043,-0.76335494862374,-0.731300523960716,-0.639746038815914,-0.654621361273478
"Wave Energy (SD)",-0.759817006991406,0.311449083693029,-0.170764880480143,0.470086050493588,0.310011708414336,0.542138078816563,0.352950491876323,0.445506910054704,0.395249258462373,0.478735663955963,0.142889676365399,0.522665395155542,0.506216949785303,0.512098484613002,0.45785113584867,-0.362389972804417,0.578396199596896,0.274677166118732,0.451016753440756,-0.110135799267393,-0.511501426943039,-0.168898066499536,-0.042158254476593,-0.161535291322785,0.321909276807957,0.738028877472528,-0.225601986957148,-0.593360890640034,-0.124439976969575,0.324930374918496,0.369124774996095,0.247038848490651,0.102986187939756,0.104999904154325,0.713810225128045,0.994879297033681,1,0.994822171923551,0.499640745216165,0.115679741258238,0.365700795291739,-0.458592611398393,0.851165326524463,0.170348516954151,-0.739718117438573,-0.700118854166885,-0.615440493436883,-0.626753291252111
"Wave Energy (Interannual SD)",-0.79653958404164,0.326150167286933,-0.213184991275765,0.481362950971879,0.342140386969081,0.564702144423191,0.352961130021639,0.45309224693116,0.400535233530023,0.496152476179157,0.144698541296756,0.543489225204144,0.524642054512852,0.531292127527339,0.473827592479324,-0.334369889071624,0.59727935257517,0.261277328988332,0.445853022104172,-0.0922342937099431,-0.469454256329148,-0.16920032361185,-0.022891463151056,-0.226785845800412,0.344078222462415,0.769948758688436,-0.257278012185569,-0.574481302364641,-0.18056796494137,0.34825910104465,0.411657492645748,0.254011248319428,0.105367785141131,0.103619067316881,0.736619134944084,0.997008801902724,0.994822171923551,1,0.534853846917095,0.120715862624887,0.360632304510838,-0.497303496227583,0.883080638446756,0.128034770284027,-0.751250495383647,-0.722254761669421,-0.636621008103925,-0.645030148327778
"SST SD",-0.636344069908675,0.295386700737854,-0.067837155172158,-0.0791650943407001,0.316394012251996,-0.0163476524652016,-0.15519772408265,-0.12133181451072,-0.0994610606019592,-0.0397141748353479,-0.0455206188390495,-0.0368252745706555,-0.0368319915155542,-0.0368892170904023,-0.0404397370972906,0.0883471695727686,0.0607289762009398,-0.000113332598843969,0.021610532361739,0.106898582416631,-0.0719270542856271,-0.014191559529688,-0.113016608112856,-0.303143259226105,0.201180005163614,0.687254518944589,-0.271115617953872,-0.385412275085329,-0.282814618028779,-0.111742417778919,-0.0128722648333766,-0.133818920596467,-0.106444874632549,-0.355117585467493,0.300949226284944,0.516838391701641,0.499640745216165,0.534853846917095,1,-0.415429876774912,0.48923008541974,-0.717202923849398,0.72361352943059,-0.222294652765769,-0.348271319183641,-0.393795940344188,-0.461217570579655,-0.470345499517536
"SST 50th Percentile",0.210058042993147,-0.509730702522261,0.270916533819765,0.294444632657315,0.255857852215306,0.521113539398732,0.12901932797167,0.271300808919304,0.167885913107359,0.588638998784632,0.605447737389369,0.541390511137027,0.56447337852042,0.558271919755145,0.601059791875162,0.0201465946261845,0.570850224980655,-0.149932072738722,0.0707710413587305,-0.155125134395165,-0.275628027744604,-0.382012967587398,0.249730933877925,0.0140073554898364,0.27623470823573,0.106514440837724,-0.0447876457752978,-0.121592535752448,0.0678320013527568,0.407669308341909,0.425433393396297,0.401990537459286,0.327168461611472,0.237308167732671,0.195163400815628,0.143570947455317,0.115679741258238,0.120715862624887,-0.415429876774912,1,0.225433331161412,0.60917496944254,0.0614918254866657,0.460779125626706,-0.127048065990238,-0.127402415006112,-0.144536258207109,-0.22479000634771
"SST 98th Percentile",-0.0857110411015983,-0.328622733291186,0.412777474935499,-0.0399539790317177,0.102377231039526,0.127786959983588,-0.129886498379558,-0.0540362714913447,-0.109908988826382,0.234593420798179,0.437532617532036,0.150026729986993,0.207156641301431,0.189892483820988,0.264276589149969,-0.214557367795331,0.304404694494885,-0.0257898013998011,0.085896756165936,-0.290821840531454,-0.418634724930865,-0.129942142004122,-0.367103431348345,-0.0842490301436879,0.280232670436258,0.494517155560956,-0.0807899584581877,-0.423400697493964,-0.0200492399384577,0.0396885922867493,0.0872533911983552,0.106473295023748,0.11556608410367,-0.328811979362622,0.274838722077162,0.375347410351552,0.365700795291739,0.360632304510838,0.48923008541974,0.225433331161412,1,0.10770776256128,0.47543426139727,0.553706972414472,-0.289422446637742,-0.228949442846328,-0.174893786738666,-0.256312995609431
"SST 2nd Percentile",0.833931541138567,-0.831687742914704,0.538788188779696,-0.106427404424743,-0.0321561461326011,-0.00943497129515572,-0.137285300952122,-0.105640307551823,-0.139218052596719,0.151187534644405,0.516155201712176,0.0376772854446114,0.103625381149219,0.0834782983427024,0.19251951659429,0.0969733593937337,0.0811306300465329,-0.214799445732007,-0.161987155217765,-0.139722155911982,-0.138053544451707,-0.20727367245372,-0.0250357032217952,0.355380625608929,-0.0230700885946358,-0.461295226858809,0.35785363225885,0.125587206648494,0.404806339885212,-0.0127152963967044,-0.0546141839825502,0.0831231649709051,0.0748665762901074,0.0250931735005654,-0.408646642613588,-0.46308364903491,-0.458592611398393,-0.497303496227583,-0.717202923849398,0.60917496944254,0.10770776256128,1,-0.593034768722757,0.549242000114085,0.315131696571882,0.337670783320322,0.327639466994181,0.226521557996741
"SST Kurtosis",-0.863985420681072,0.351189762274708,-0.202730551461374,0.456594183463817,0.435062566102858,0.547611228732503,0.310813347643428,0.415893066879617,0.374673134664609,0.492196178509229,0.184185109034178,0.528316032620264,0.515538975197822,0.520304624404484,0.474127597540794,-0.299183105727422,0.597314029386746,0.188140779370383,0.380834913511294,-0.137180709148407,-0.374284623245946,-0.0333257998002257,-0.109052635083916,-0.436210793605371,0.352270373274882,0.873711510086627,-0.38991073059793,-0.508298447376472,-0.389891228378274,0.27498110041286,0.385502296124224,0.169537137617025,0.058742183738544,-0.0254354994960301,0.713499353748209,0.87379703146808,0.851165326524463,0.883080638446756,0.72361352943059,0.0614918254866657,0.47543426139727,-0.593034768722757,1,0.0508393204155843,-0.769041084647534,-0.782405559224851,-0.740136043018503,-0.717646255409936
"SST Skewness",0.228856794978445,-0.462654602050444,0.256073919253685,0.071699791884696,0.0179916337481295,0.136502849893974,0.0345529149536326,0.0716308081579692,0.0366646934418943,0.245595479590864,0.346266083016738,0.177781095884387,0.234443910372007,0.21736756097575,0.268875561105483,-0.338050310627579,0.27512536004678,-0.0557397986468017,0.0487985510446205,-0.476298925963743,-0.521029718044438,-0.101766945823787,-0.220276187252098,0.0287984170576895,0.107175459184672,0.119890133583997,0.193668493855458,-0.221691781205427,0.12688712459745,0.0915631732142521,0.0757832656310812,0.0876966268300649,0.0773863171005802,-0.0752118511119378,0.154055903049272,0.175896897650043,0.170348516954151,0.128034770284027,-0.222294652765769,0.460779125626706,0.553706972414472,0.549242000114085,0.0508393204155843,1,-0.339382512516158,-0.236853829030443,-0.0265784314338329,-0.0750867831211954
